876424
904787
201152
124097
440838
243958
592005
424278
18319
499868
347771
561974
292464
92539
542219
955320
265782
734524
103503
270849
635927
755040
505648
852460
675880
77131
75461
722176
108008
473637
542135
270873
764193
67952
384662
515670
189963
410213
785254
247076
830053
291002
115800
397226
891384
250017
842321
896585
266317
655479
105241
152705
56893
822972
507142
672189
54798
142784
558738
376211
92658
89788
837523
822193
97247
430718
458984
55657
426162
461934
631025
326548
645787
251787
181008
825343
18568
78058
192420
428737
433521
513705
906786
740382
397042
843521
258331
117240
240494
85611
414572
807894
675859
293350
579788
617490
128859
922392
965508
589767
984717
430013
122766
505442
794133
923730
325187
647013
214260
133231
934722
450314
757851
919298
13658
864129
743640
312557
352830
989717
87343
671281
23157
968353
326976
810183
211124
249638
304845
173947
668402
783602
280908
353191
965498
94765
606252
631719
124985
343722
854455
573799
561749
385819
960745
615618
78643
209271
27930
136662
543193
224075
121732
822424
995210
558615
534572
105087
74058
824669
108985
946964
441175
751049
717695
345093
259296
55843
768160
609566
146062
361555
487869
530121
25374
161172
74102
855864
851041
162544
802353
279434
861473
419732
684777
153301
926998
717341
832326
717916
303394
857077
46491
139441
45290
618794
371260
264855
743044
275617
830658
67192
372186
348426
540811
706276
510201
356976
26911
673969
955326
257921
902877
155662
967041
69867
259331
313815
338228
134276
367980
810309
300927
672013
572892
984410
380925
2583
764382
561395
40852
996370
711531
480048
841861
353960
587357
308260
940570
4885
886751
970781
375314
786690
435414
500018
772064
962364
738461
677220
403490
69079
994273
886873
944867
483687
201050
347051
312581
984217
951390
629481
233512
993907
172822
380232
965709
960618
497171
736974
597034
989263
224411
565394
323380
427689
353570
361614
442724
937179
847603
954760
188327
708617
239240
677269
620447
491101
810900
821781
239285
122065
678674
342797
170910
178095
488581
950164
255094
955707
205084
676281
345876
138362
558889
563266
899831
284898
714264
969386
346202
597501
763096
338995
891544
410886
725527
733861
35095
873377
611730
722001
322438
367203
57724
699717
853245
182443
926349
335408
783973
972605
482019
379287
339407
212705
462233
579457
154455
205542
825132
722038
80969
93486
903670
78596
794074
130387
996827
96551
767184
884191
768974
841459
253650
879897
737426
227480
17054
601756
594310
523028
527111
464652
440615
388762
366006
938640
958392
619750
156549
596830
524998
316757
245468
836413
739052
427546
305858
814237
661751
504875
261083
447141
411106
117289
521410
916506
228806
586008
866828
549459
706282
610438
471708
135187
975057
23256
308941
550997
524233
264207
131019
202305
685490
111862
195783
226504
968743
338228
619604
675742
504965
153476
813162
592522
731666
6893
571337
124368
591025
852803
403337
910939
666181
334737
670420
758769
220724
309850
462367
629879
528361
100977
318950
656086
468164
65273
644891
772382
952859
400552
186377
455815
89980
58974
126371
942844
216834
940464
553042
297902
940640
39116
701333
334178
285466
77077
626356
772210
852732
191507
662137
142919
606485
811123
212899
32911
520254
653152
931928
790415
131322
133021
55957
337531
415976
108191
860854
108542
778043
740500
126905
198787
828519
290466
471936
211448
138695
184025
335047
784808
291306
426271
943591
245579
335133
15801
791157
183424
15581
689322
477388
659840
661911
928372
303791
449503
44299
730436
299925
475027
674140
246401
746400
471274
64445
210211
719572
84157
300863
544189
833879
276110
678666
869878
730894
365549
138317
930551
295288
815026
73692
494686
513114
361117
591907
41556
448846
862072
639075
44300
213942
570189
405317
619045
216677
340717
576242
978904
99599
323772
749565
212717
480722
873507
307411
94391
303181
99035
124778
411770
318319
146522
854150
437862
762947
16497
812155
771124
683230
787801
952811
408370
545448
399794
157110
233705
559016
964000
118446
482265
233577
630365
541330
762339
73729
621042
696566
963871
929736
173813
960929
659633
406610
564831
786432
940191
473260
885284
222055
964280
773945
165269
693409
307444
698733
373233
680250
415098
636171
600406
95630
296039
96928
77596
703960
318708
655727
852814
550950
364205
882588
863988
168488
855228
40000
970649
365844
599203
2719
477729
335940
402610
895946
678905
552724
279696
519097
794290
189467
593866
122458
146852
54300
100652
408232
675614
766613
175029
661054
619538
382489
869538
447254
525082
64749
258480
569769
692958
721387
619875
455448
583385
929952
730981
660552
735399
479110
818317
556514
830392
161022
769678
829967
87702
501529
761748
33447
106393
435584
35661
733241
500409
805192
507693
573158
283980
388166
654190
388105
60804
199823
107639
850757
115750
181653
339653
374816
611768
719129
515259
465051
337402
932578
655773
900657
710173
758755
95923
282572
399956
232618
221751
395202
802721
980986
577804
124949
847861
247535
916468
529666
795953
990525
336682
610382
322677
500529
620674
503052
931617
670475
866425
304253
737242
196540
790085
944602
103862
173697
57804
200962
999805
188668
726712
793683
326662
503011
643233
489819
321034
706229
561093
898986
484742
9113
404073
658209
123443
350006
621499
113603
860768
921487
799259
11931
318112
242926
213733
572297
302019
574048
992221
933583
807072
172676
233629
118357
337411
987235
543291
86751
785710
514056
106951
272769
495326
798403
361103
61887
1685
748588
519339
334598
168629
858137
912615
909331
802557
341226
435702
881969
59630
725698
35559
545712
810959
919390
440904
694807
337568
167522
577520
146128
95743
666927
794624
150441
42026
626622
342071
512713
903912
698196
599781
144561
993674
364055
930419
385106
157500
224439
370877
341201
947706
986541
340501
430651
892343
946147
924144
832152
463965
748906
225677
687307
863545
840559
916260
188976
577098
685971
948938
559326
620286
558774
652660
866749
796253
577310
387500
663645
702412
768762
578223
383065
833631
596038
242583
609132
7316
449107
70119
458013
69270
792407
930574
381751
875911
651859
417242
49629
477547
808718
61037
104478
845349
299176
808608
59058
332163
324500
606823
457853
496513
5223
665695
593478
910160
375961
961267
781891
913303
780448
854552
898844
781496
217443
748638
145680
933670
533667
226300
755624
935736
593430
634165
741676
528309
802192
792299
177576
399194
47311
700775
427266
884484
246014
544268
842931
693369
583066
555129
998608
80955
998953
445813
282723
915882
188879
369863
739162
368143
287449
596954
349500
78139
837846
507622
468283
523801
353937
247395
629371
866237
576757
130980
714202
387507
127273
605146
156383
88326
762248
461992
569844
549322
477028
543835
38252
940437
162121
509197
242551
874337
136109
724429
409693
493046
799475
212284
634451
270464
287528
284107
355611
988018
747333
356006
950058
288613
291440
756077
901856
98587
187508
931065
323766
82529
221756
61397
676866
588008
950648
322778
268933
151257
155877
73986
166020
939681
464792
944221
27990
606697
565804
760938
165486
988048
693880
132585
310859
838085
952311
537421
417167
124133
757140
953806
77981
454192
687894
628475
630028
931921
874081
719279
760069
429330
507786
892607
997873
945726
263340
852060
864479
617292
430009
694144
918077
948084
163685
279708
670719
324678
752637
722531
717175
46662
640202
911147
174293
286264
94963
928566
470102
331629
647783
469078
37483
685480
683105
29455
161822
268812
970601
809398
850237
203907
487334
114536
751463
748302
734057
91376
397076
887322
825053
643580
294336
97871
487602
674217
854017
951330
127291
182134
750441
417126
978654
718749
599437
498357
351861
268236
118919
382782
977691
441401
925702
70688
823794
747073
858491
472060
808850
610347
513047
202920
483104
91232
245442
642064
484046
729597
396650
739993
115732
486952
478538
169868
338212
162725
87017
997126
688163
415214
210262
952866
666244
345355
611344
973936
342754
212602
593706
365617
152817
587141
632220
974549
810171
238404
936306
372222
808659
325909
967580
521921
520777
248821
770160
354781
155173
461926
725384
91794
137685
710216
939022
945211
351026
634695
757662
102052
248295
966121
264251
829262
771148
966373
477133
280987
740609
958484
7043
665901
564197
659652
238862
296461
866033
989817
862925
331213
313127
85432
184342
110821
312343
867630
860253
939714
501084
361659
779703
98915
311805
368416
571007
991434
765701
63005
992157
898523
377135
265412
561799
837441
785571
412829
660330
556630
680937
223
517343
513260
784159
898544
134511
542446
667796
547389
438141
56812
137478
567295
509286
401434
983602
7261
242951
952439
324257
567824
100288
797694
105600
242826
473264
534662
11874
404666
975618
948391
183150
679336
7444
887923
513777
455586
728005
211151
830663
498248
444435
398529
973898
831585
476767
30764
647313
767274
967497
92099
78322
619339
939292
983626
710003
353599
196031
636727
551372
721565
223845
940833
466353
331425
936091
785084
696152
901414
336962
828844
727521
736679
99987
531579
194210
809579
606947
451889
315762
937903
918045
644140
82301
983024
486384
621971
546631
413864
683624
871723
243255
685145
120984
892574
216779
474598
779677
32693
411404
523543
460662
245656
475060
631066
81712
741046
605689
458469
168789
830790
587561
948248
442275
801315
362377
860628
576677
511403
790461
623016
338530
18625
536727
643281
92403
168432
121138
326522
995981
889720
551695
677266
881370
961062
162489
953247
523520
221346
631316
859471
495098
800068
880377
660285
950309
781822
718708
979782
194991
869784
972921
466548
136307
980145
235964
672627
790616
530283
377571
73806
104285
628619
695867
81246
780583
753269
134084
457814
815806
260941
970919
173340
227921
295637
50506
538315
600322
552261
169642
213434
972356
135573
814381
143586
304458
163596
666727
51078
673434
858298
224019
237675
761187
74745
82401
561762
5257
294211
412808
960021
57760
234690
722205
972166
299809
332142
904820
507744
104604
169165
973673
456117
278886
580966
919713
823597
350301
920299
425002
290056
373990
946849
330489
347845
847742
763948
127034
731846
517760
765812
876852
53542
769729
739913
718331
360979
955285
451357
972923
166648
504656
137642
798781
267849
620157
420965
737623
310501
446676
78967
320264
419506
424330
19460
731573
250316
986030
728298
893140
33563
611549
302822
165749
646548
576624
383576
359689
67530
62467
454148
329602
365199
504697
908532
906316
867250
296843
79236
221799
606735
90432
666311
304796
141976
715527
182332
400216
404000
689670
994363
376164
724531
465732
702185
942030
162311
145476
78651
692480
611011
604923
2945
80453
713643
441135
314169
103979
37080
87296
802519
625178
58354
615609
745027
801593
58624
162280
976676
448516
660269
29342
309477
266519
735353
906340
405740
890228
593734
555846
67992
63949
810695
561435
256598
495497
173595
322270
466798
558847
550668
848422
4676
535331
746498
144766
305942
676915
688155
404336
660641
355794
275598
781566
716116
344081
1898
770305
202708
510423
590097
167043
47936
449081
883965
182838
134263
377761
719210
314763
892951
574810
151004
783650
550184
323244
218013
980745
358599
237521
594681
165796
326190
61688
825770
475689
365345
841342
317635
806273
897174
43869
663536
139636
250281
436196
405557
981915
819540
178609
230545
24287
999320
955582
252021
354325
330252
397191
966317
184495
443013
579628
439614
717462
183478
544269
698162
190843
780518
899443
63176
448253
9482
269655
282355
63903
886097
665966
673862
340995
817736
415262
264095
451356
998066
968299
197118
106357
516027
461490
545139
627383
728287
700860
209146
427570
766191
413667
967317
418186
203172
994580
535012
460289
122462
32208
580206
228147
241811
193373
656405
409357
169926
562458
468379
469911
350169
625788
393264
638664
982014
527908
817489
314045
135376
279172
419692
880339
426905
835686
523590
166037
954219
157412
178846
872655
116045
17894
653306
347551
739691
498032
985836
478377
935538
102476
726011
774141
620818
735984
620190
948502
902495
916522
5408
666496
476755
350534
408267
568735
614414
514118
601913
274386
633127
748473
539085
382625
205804
583603
365777
320747
144142
167982
683624
738938
832805
948750
257534
743425
821237
694561
248637
409738
245210
582222
713503
212506
785002
105088
195832
393542
726489
765722
807537
967117
111385
83599
975028
851005
4206
493132
490052
924284
291853
42990
64600
940606
201
83496
532325
654014
621745
518873
324549
190196
21776
484906
988460
116295
963197
947398
718172
380163
15253
396700
539016
36722
321811
651244
472771
726761
642556
52834
139273
715819
927786
970660
226751
195013
147893
648798
817444
843127
402090
337153
400655
765471
690959
15078
959157
993997
535803
922216
837719
66017
618763
270672
373565
356538
333366
736036
124007
595979
709461
178241
969763
123207
855581
130735
895948
827299
941131
464342
517888
543795
60860
769080
192558
525603
954336
443777
195512
961396
525279
780031
719321
159660
771866
136604
904429
46997
4221
931607
232593
419540
687753
402865
445076
143249
52799
594539
674178
560985
431574
207635
164965
973649
377978
751622
387141
909289
40143
693374
996616
508063
491015
211515
263185
10461
507043
958531
777865
180805
518342
961883
195325
2638
859500
628686
916431
956731
654955
630237
94153
296123
338533
268315
996362
638155
798182
752673
407574
353792
792425
917709
410087
946140
802525
452700
886706
672785
386084
436122
232830
555849
436595
634407
948373
808442
44597
663299
792104
998031
637865
345320
738045
208450
268951
358619
851839
61857
105837
51501
474637
235118
804699
91222
46916
927817
371729
690268
67785
255338
47314
269418
742554
9474
119183
739564
495601
234767
62815
177915
491400
184405
981138
781296
688727
874101
819019
513611
287631
142812
278037
795496
167786
817804
470645
394196
919760
678884
202010
118225
110332
466671
818940
505780
820170
877004
353893
337003
311093
82283
610309
13172
179751
482586
868587
105675
342615
574344
75081
968091
289078
48084
998335
531691
915301
582729
247723
423252
733225
765470
444436
310664
573115
137615
222135
736669
363660
979654
896069
999431
163584
624034
182928
420727
707888
958362
731287
453263
325613
568708
940901
983523
339662
933458
414787
536924
611956
823580
185784
995274
858929
33311
799382
819822
438377
986038
272705
712089
84851
807062
991603
356127
809271
933925
897857
541846
587881
686397
964837
69424
496661
987630
982510
87149
704817
938595
618256
807782
858909
150363
919559
781330
564781
812297
539024
109826
788448
587480
688711
87201
837454
294198
350870
253542
924554
429283
834390
457768
578912
667576
22799
221840
638637
358152
734949
392873
19616
816740
846649
874568
515965
875427
460057
7339
747945
408691
969049
234006
17731
911582
991065
11313
798956
288138
310207
460847
220613
602153
17667
703283
364984
538231
881619
896470
714914
936262
636563
296581
87427
845515
678986
764049
493875
505170
279043
268213
473496
534660
539645
897446
418017
536338
928548
573361
659788
378275
726049
142630
208013
283568
663674
383448
59210
803516
807345
789726
947993
925677
758584
914675
9687
559327
682762
2852
143267
873691
620061
569655
745548
598000
591428
714415
442244
3879
364849
782419
198187
562865
690402
503516
333430
530110
151701
106097
361765
655648
156189
154312
185357
38261
770022
43017
919194
359681
665091
558830
867259
42831
168321
195026
554211
710549
139426
529121
536656
901278
360915
993346
472312
150019
401470
472087
665084
55892
596179
395808
570436
592561
118360
164069
903034
800859
471106
694635
276645
260775
495739
891134
141382
851899
736209
486960
448529
354174
34781
66146
543933
184993
633370
324477
38358
664290
746214
623179
913129
83506
78951
583029
953680
291829
875009
872790
280444
667035
704563
133752
92398
38925
459479
92510
998550
88610
686663
844380
824817
148772
93846
148256
243869
642415
687584
309589
106931
577754
862932
41853
837722
922282
708378
363817
495049
562191
720799
65988
264620
547205
600194
503325
441080
478342
866617
610519
366395
989854
173595
802490
65082
120025
857687
994031
794837
280310
783712
782620
595309
625992
146777
551699
894357
350624
33957
970381
568554
955041
204436
776802
428531
706725
56275
475946
528479
829549
48808
836937
988416
663721
768542
759003
37063
817215
124777
848544
276793
48978
278614
246625
230586
122163
487264
929750
84895
728392
915258
766911
38879
942906
674860
667957
850623
39903
389984
952722
689943
209127
100506
769500
970515
911073
332133
15684
256631
298252
446676
807543
932698
814858
543633
883858
193954
391392
331376
937310
274748
491740
213433
872425
315882
118145
553377
741964
232763
364276
26451
868687
454954
156840
654748
393547
82593
712886
834220
647270
742878
587587
574195
185192
651438
396966
268730
277960
825860
192324
754216
993711
696071
733641
840782
600122
845385
490452
499235
711607
581736
313472
520560
18293
914396
536773
708784
232844
475444
878148
739152
832452
662786
387789
905359
134991
737333
179218
951571
285380
640736
632995
702053
888555
37262
372624
524265
672055
990505
165723
382460
154485
572331
290378
952074
754659
896527
912755
223946
638558
533673
932496
867556
904130
16095
679475
516286
64064
726174
652754
939815
666260
17517
631396
543111
886672
674499
309825
976004
465506
496106
306341
804927
627442
302230
968296
693528
550510
324408
418121
388230
271237
187881
622392
939853
736848
692117
581555
611044
334246
846491
970972
832492
572311
467888
647580
397452
692145
84835
577557
617185
110457
710432
85004
599019
546532
878800
299014
258158
780449
760329
282525
780544
761290
644843
322781
770248
762340
150122
726684
437529
162528
409038
887000
172879
651249
358676
698891
844878
367734
742669
803505
190091
176315
214197
614581
572849
160080
302968
267685
114552
813472
465174
379761
728309
155021
555231
352137
438487
799672
211443
759944
675502
226462
814416
878955
777375
698935
829458
840534
97743
626268
648858
422298
953841
235182
231558
648480
672165
583941
772695
566700
946419
298746
541568
598825
998914
456676
499020
685677
905725
483542
189224
439287
888337
846548
14684
604749
680300
759487
576640
714515
76307
303681
896291
143817
916180
693860
501187
484367
186906
14244
277044
924873
213160
414132
109545
921902
624905
249067
360576
856902
595005
431485
421184
856709
623467
86350
955211
438224
689851
220897
982759
908154
875528
739201
917954
250265
384204
338958
567146
881572
932968
753325
476943
667619
233390
953147
635042
15143
974835
930117
407656
684058
790518
872612
102203
296583
98468
570447
183372
349196
518546
59855
16257
559482
832462
174925
447308
767895
334487
957352
776486
733092
796227
140241
407814
200524
914380
443781
266526
39708
618744
937404
428166
829850
30277
98900
801979
709867
819907
109368
256260
619288
237917
226754
3783
384381
998656
747498
431891
20933
725044
105993
420118
602998
900187
693356
428778
867103
327135
271584
679129
800803
959140
880984
61570
187669
980393
403522
417789
59817
926381
835139
202449
183818
531556
482243
379295
170121
749545
713116
896245
254291
88929
621325
893988
562879
725299
83970
837236
298688
941331
166507
216022
926050
280214
119049
476776
740135
811289
429961
522179
701471
808950
831244
389987
917224
63994
346993
487631
880544
811934
702583
768750
198429
963071
734223
969319
269282
487831
653909
647333
678740
102736
270919
102288
120684
334301
193964
720417
311561
454159
468626
804635
742083
648446
584684
434700
104180
715332
642403
210411
16411
148251
249376
334816
874150
852272
190629
813161
516191
748103
724285
925433
201326
869375
37444
483467
139551
222507
428803
656616
183794
798340
505491
922723
511103
861599
312436
253
956697
35507
49
748300
335525
429243
75384
630502
974077
5503
96749
540744
596740
529071
362321
652729
922817
751442
629666
821396
829487
422467
408495
21665
472156
157965
170684
441235
724448
705635
861168
455109
213188
656764
919255
138053
251520
162335
106902
477186
177316
941122
157858
165183
899812
31781
131487
881494
416035
749620
347193
559984
293444
824226
28861
930864
650677
481696
297222
400770
897377
953832
476078
260333
363204
398664
965767
807747
652181
941151
609471
792079
80038
783876
411349
494187
892380
53276
525549
841854
100715
103840
41653
896625
558214
785105
837614
896127
112984
471520
871693
581318
829294
70659
945715
456391
415052
190849
461706
794275
315863
979930
984939
955564
403096
404714
173048
303966
388908
434500
392059
693501
714320
233962
852529
539828
562197
495816
9759
552163
922274
760306
574960
177559
943602
783420
762807
83912
227228
437221
509231
410361
328175
753402
62374
454998
629991
788747
988831
846199
27444
384852
160357
28245
363060
700172
464928
432225
642659
585901
54794
248968
830555
496596
373111
57272
149023
419117
648270
908788
410587
574475
79710
898114
694296
14237
620111
113704
72818
581694
282543
12249
512465
705253
915738
761860
262831
455215
173167
806549
699938
410884
537754
586692
131763
1332
837262
429328
449707
540115
256611
692865
769711
758237
846587
832197
529660
134170
380571
809018
254667
132610
371618
580376
822609
68064
95304
990072
121592
49815
233840
680142
889971
553199
446519
164237
965316
845271
644
427732
632525
620234
527971
975167
41254
518505
939124
202341
591478
162385
106722
44482
393290
152819
922361
593972
461541
5353
638177
23981
100287
322392
927705
799674
666059
752365
369894
616708
745818
682019
143382
888345
976703
436023
925084
37745
441941
793116
733937
57658
972587
765626
414937
955668
887946
905173
332821
544985
877560
242508
891735
178463
477853
332923
771106
621131
47805
226164
460940
355172
724714
244281
184138
969983
51830
359459
393256
600382
603894
11772
375151
239367
560214
786000
518555
8427
881747
6774
590123
166348
400229
877935
192267
426469
651994
6571
310554
492078
856205
831492
272887
798590
357635
903923
556712
129428
891889
607091
529386
711940
178186
863290
787587
866416
104464
81306
235280
518352
113011
264601
978069
226580
274357
785230
994996
680406
963246
849588
804109
898907
603315
740878
18588
998448
634775
72770
661626
243870
435616
843065
803475
685207
948038
687448
405827
486933
526707
314141
595516
109118
525613
882458
562648
378031
413619
514872
254760
158569
317269
810096
474185
77111
783938
508207
57780
538401
177767
407004
654589
290125
30227
960069
130348
670998
372980
995911
136196
231091
689276
443333
133043
623534
823354
629078
429364
982520
598589
74460
139334
760673
938476
92853
517090
588747
542647
34219
34170
377271
595275
10083
167709
925633
989048
589862
960026
169125
524963
791350
646143
523929
35876
37568
419823
98321
403297
770922
68085
68500
943755
458009
906587
753672
647249
745586
419698
467763
605394
472645
617996
784640
307368
110317
451730
481197
460261
545893
564087
518435
535336
904648
650064
953929
998187
52049
196848
880846
790394
405356
367166
341521
985854
403383
527288
577460
445917
554208
585054
532569
982327
446617
583906
70308
517286
782696
168704
494180
603263
201531
658928
521110
796909
750287
919676
479652
985265
843989
750502
671759
517001
586162
500256
748197
566862
255501
487562
160
952511
880833
402511
915991
261811
303260
342451
429861
140562
711202
502458
785642
462321
425586
707608
860940
755058
571782
556408
464811
250426
441061
643008
86000
751128
796050
46991
430314
933762
134803
936214
170942
496180
561344
377112
326566
118345
180120
975890
46735
508916
667657
774406
137441
501853
496212
828902
126545
187497
878101
140640
997709
32574
999147
691832
130244
606423
415995
507394
425828
309042
752569
831881
781272
978819
366115
385528
779121
685521
113670
883045
44301
552842
603332
137630
843077
242043
659234
143276
946451
442529
776498
93337
304002
869310
380792
576507
632615
1662
629838
603148
586709
432867
53327
423100
304857
840108
825816
467302
504005
86407
552973
948346
354685
948284
906661
49842
611207
88117
927557
978511
275386
110173
948004
996036
507128
28641
416332
611937
634662
630914
754429
224132
756850
992249
55418
774262
787293
486228
377077
539948
263457
401269
586089
119637
71067
293129
136470
337876
880314
955035
651833
851945
377427
842233
617467
728903
309223
844064
689605
469888
547495
884662
616925
810847
627415
424227
300547
562180
188451
346628
571146
502935
258734
844638
980324
296183
834812
932083
418287
183403
739
25383
270343
248717
972690
537760
464642
608683
75435
413131
99920
746807
516702
489066
30991
650074
160327
391740
925601
377509
104258
629489
636191
690200
454366
417859
989976
439175
460461
221517
620516
52693
193655
15795
439553
67964
501468
663362
677919
255458
281395
22339
724938
34275
724917
539572
528663
50077
925120
692418
16791
81993
555359
468381
677976
741973
474307
373768
226489
415342
837873
262074
686009
634260
371364
528961
58147
4251
525472
15387
99426
450982
279486
948145
844262
536897
308799
735824
803970
715013
763571
442947
624187
370201
894976
728095
642379
243028
62413
434253
197544
724916
297398
105938
356990
465320
643419
927097
313654
13720
968415
676113
949426
942406
282812
452023
643505
704335
458116
613141
36750
195831
422030
897024
249906
258474
901524
831204
140805
700942
59153
491022
656935
200187
421661
770819
112667
660158
919915
604958
240322
886914
639172
470455
175738
830127
818225
755104
770675
197648
582236
600896
162719
246021
633559
34224
376559
283387
564044
592399
363039
730916
872509
479740
762432
988111
803289
342076
922774
533140
321474
793326
893571
661953
976897
839390
673480
498562
155555
147024
943533
478215
753161
918105
721277
335621
823398
169466
303059
463587
916280
808850
53401
528129
75041
754069
484602
77185
221623
478976
821897
322780
588494
56013
471170
808881
89449
262752
274510
245190
419159
850814
377167
572877
267825
582403
594780
178005
523274
708489
721334
506115
107966
406301
290877
238528
248503
206674
926520
903574
317049
978280
566289
331165
290843
696060
771689
450696
998126
879183
440919
77218
643097
763219
592008
687699
785104
79811
937174
882126
288156
818771
105765
716501
332109
402345
688168
83855
619955
902021
659568
232014
795798
470312
291870
848018
500924
566723
482171
643628
710800
148813
764515
27374
626387
827614
104556
271124
889336
906676
718459
579468
835575
255472
469967
73229
664811
3185
659211
400616
747807
601591
883484
776937
79002
310826
465964
957835
820911
101323
949402
213309
763402
378586
877626
831519
881305
62994
690987
373993
202815
414557
994497
942001
993197
414560
548649
455694
629635
186269
943223
684004
174276
819245
95978
114168
619800
778803
323211
593347
295670
634896
654089
829230
270408
866140
272213
412832
329852
340769
89481
323597
266152
354283
228705
452532
222546
432750
148678
148056
358209
828908
549525
65196
680651
958130
569531
148998
510675
425654
626693
63119
660467
660482
758454
110384
713924
843053
184309
169229
108432
420326
41863
292288
40733
965487
959690
323817
833492
921606
113199
732835
435605
829173
661351
982222
464299
480308
999509
147304
426495
179672
471278
219037
697327
415195
372283
21846
912184
228837
821789
319846
795054
818504
453725
664967
780121
730148
734028
488866
246526
298407
438291
803403
995304
415045
161304
134689
793398
610099
631848
116421
625814
856823
750565
35993
495051
789634
319948
666009
260186
951488
672098
659666
562882
621320
889924
140188
604082
74403
54635
321841
726044
987227
783348
282464
361858
827931
878208
663169
530049
926575
462628
556119
522127
42304
646071
132037
384286
740901
110149
498563
123644
239931
84119
326417
237487
47897
250984
706396
510195
547913
602347
127118
941676
479333
984882
331543
82941
960050
264779
326814
146455
544786
121677
930797
250525
228354
498282
705445
45029
470464
875556
43399
399032
718396
426985
274130
393947
417354
270160
196667
849495
349848
780172
325468
906597
566178
125260
448253
949484
518831
315227
769674
84638
531896
333206
828645
117008
544701
296792
984027
907117
33615
416330
744999
128625
670667
745651
304098
385783
653906
31232
41394
39782
674532
105660
654503
984406
874439
741683
872185
810047
291427
650085
751836
28283
794216
43477
219757
936465
999351
17385
357282
674483
626319
601444
83941
500241
665367
534254
809856
448834
765754
704354
882230
103176
500509
684385
170348
279562
309426
315619
828686
165480
49308
741458
61710
666375
765027
41022
66830
924614
96297
850573
291335
576597
465295
835304
547108
87935
155256
928052
6047
125758
343509
861641
773614
211164
397612
959682
176386
11311
41540
390525
252384
250756
994413
151002
875832
427913
766961
383154
50243
310560
256558
767383
907636
600322
123072
917510
949293
460740
109461
640476
722552
645573
155206
211815
765756
48192
73227
162063
884784
937584
89456
211921
755043
113147
7392
703287
150285
139464
157434
627428
707849
504060
105766
964542
308961
883220
277848
717729
4961
171022
147718
266724
621866
514297
401011
761866
772732
998872
42474
58354
461496
214894
278264
138383
872700
845033
192381
989893
149001
683685
416304
672706
493040
717553
346222
548686
859174
630791
758546
349542
240411
373947
496214
619786
602951
398147
308263
307684
20440
83350
801607
193266
58560
855281
147769
949148
98865
901949
897046
886780
204544
378626
549753
673583
226363
651874
504875
383655
565986
176008
890941
13251
561726
333588
574937
794555
190510
652756
381423
424807
614292
509748
327534
310445
223493
857106
912016
619077
136865
263420
509322
830206
79665
217550
345868
289996
65923
770637
202094
192657
968931
203374
255337
241366
824285
468189
873165
784369
664992
651171
377869
909423
928837
233043
84985
805267
691951
107677
862469
187800
246921
678556
321391
159105
357060
210305
314235
28970
235710
299566
888726
171970
406967
789605
176963
803575
630178
131344
354960
577447
490062
171467
217020
583242
6394
174506
981318
306108
641703
128359
749697
735300
324169
449719
619405
245429
560674
10053
895108
718496
71581
295100
484679
505071
593280
831495
438638
77071
760727
467145
670379
639432
181943
162116
620121
950435
446240
412239
156627
115476
148849
697341
418124
959802
82197
688013
446055
480654
246854
677021
240425
85925
80031
414670
350905
710846
720376
526677
356167
661197
537226
894256
512371
256556
502688
939908
882605
648992
226286
236763
401825
933963
244449
505457
275245
997130
413838
746834
781686
43307
162988
867588
722827
152689
965507
255162
26616
827029
667979
710945
239348
502803
142253
997428
245028
790069
681735
151526
138124
280373
911305
748213
468339
51772
677024
91506
897405
554528
943606
836991
632790
928803
893271
976843
996874
765527
798661
204445
676158
228165
635967
498018
236352
404033
596903
577019
62860
389776
385074
586849
32389
673919
467055
431701
686356
215679
634549
541332
32096
685364
774366
467170
815872
375092
228384
85291
229480
84566
326519
440413
40883
903806
95183
243675
484450
886944
482701
42640
937785
196929
169960
142247
569493
119716
594679
812723
773529
290459
562214
961056
346781
68448
144345
215498
197593
995961
912495
707438
659262
815470
362026
819212
896275
223846
812472
32821
146786
298188
309800
212541
262793
289934
825833
245299
719698
769203
613712
649998
75483
291629
860152
979927
651854
890338
538463
631037
549566
248552
885528
672084
70710
923927
261917
68175
524928
614473
882899
334877
706181
451809
82364
387844
729735
110590
586314
691983
313905
560403
993929
113862
212128
305574
403891
953196
306010
353800
828352
407517
379228
926685
788461
532418
784686
111907
990456
519409
998562
234575
386516
850683
543196
599471
214262
758312
897999
139313
484992
468835
820502
31055
454563
838394
237580
879700
885649
68153
340084
640142
342248
767329
304012
108205
12885
783106
127609
346440
939663
981502
510730
34823
64017
443153
406520
259014
575150
742705
325020
979187
607527
307191
832958
677788
528280
769440
607717
181682
267490
316920
635665
528276
179591
103122
860066
738631
87288
179587
423351
77079
559456
434864
909572
502750
830404
399735
290111
440320
602772
965898
84035
714623
288210
618031
825579
992891
964926
697272
588027
526696
640953
532623
718960
687840
247725
515090
986207
80883
159304
2986
696745
757018
997007
881180
317754
56100
56848
317737
262557
136757
79591
265992
504669
614242
513596
92921
387102
799062
969897
663338
930714
705600
116239
321707
2599
964986
540887
750903
420806
268288
559018
520504
185743
920345
58306
847847
720128
398126
748554
514054
930156
991147
814662
406747
402532
462995
938856
28942
889176
878997
710436
849943
741888
336310
500186
715807
546201
917464
289434
86830
291556
675073
776674
182105
140036
85067
517733
897658
483862
645708
102849
270004
774497
140589
915111
768446
764331
450384
772714
290810
197083
704068
839699
163816
162306
391454
177470
287131
56389
9811
224371
78820
375764
48777
917849
205348
527695
742842
111090
194937
900822
300022
450625
58811
119315
371258
973888
609391
31816
802861
172814
769414
579247
575212
65042
260275
927734
89434
807401
981013
777333
91005
141754
258203
40997
819276
106761
145519
660374
278946
609075
391338
355490
623350
837550
242528
602121
959500
812400
487720
944566
364987
974643
888232
809211
804402
682831
574525
297039
527567
515648
888818
732735
421204
220409
28614
596683
97219
375043
527344
722964
119415
442851
369845
629507
773516
126490
834720
364
57971
878650
39510
925745
88849
645699
454348
178940
415952
818099
54069
627026
804169
511896
994755
568875
674805
775751
936512
982620
492029
269838
112230
97051
26964
900685
855432
118599
916304
364977
54195
48805
350751
409293
826570
891821
434813
113817
729222
601977
101220
956308
384716
934485
320848
271650
825455
218271
698030
831246
479947
232388
816631
665510
366617
50581
473164
76630
189608
577337
540562
158063
744138
227257
464080
715150
987385
556034
564726
524183
172261
541103
693333
790663
255362
598477
316352
380945
87372
622224
326664
88412
904533
808672
990215
794930
340022
564446
501262
644187
235942
744107
362789
744357
450388
909276
953916
567444
12012
357504
868772
30989
752209
463888
204272
292629
653882
154517
5895
355241
414126
2444
705018
801864
42149
431978
45730
221870
81781
552691
357068
574802
322760
919656
395573
225237
381690
632166
280465
788070
787937
42638
100731
956111
874816
39084
518297
352766
499941
678500
419796
328905
776813
713905
599832
230800
697036
756385
372331
123752
80199
445458
295824
78085
963489
609519
86891
326508
709600
45323
454448
223633
509003
340656
26684
844933
850111
938177
439575
986514
586288
530053
402401
567583
919087
250929
518762
248728
425568
809916
539472
704187
875934
508747
194211
734411
669985
375266
775333
77857
361181
534003
604927
275650
445327
155706
417142
4233
974005
609211
959825
267822
74156
207794
895601
941049
343449
726766
743932
841495
830990
298005
818417
321243
158149
497805
934557
195732
719481
309686
464603
973691
960891
668241
758450
857969
972763
174124
125083
